
7 6
3 6 2
7 5 1
1 3 5
5 2 6
2 1 7
7 3 20

5 7
1 2 1
2 3 2
3 4 2
3 5 4
4 3 3
5 4 5
4 2 1

4 4
1 2 1
2 3 2
3 4 3
4 1 4

200 200
0 93
1 32
2 178
5 129
8 14
9 13
9 16
10 120
10 133
10 77
11 23
14 199
15 151
16 184
18 101
18 108
18 122
19 193
20 71
21 119
21 136
22 3
22 170
22 106
22 114
22 132
23 128
24 32
25 75
26 14
28 51
29 124
29 53
30 168
32 198
35 45
35 97
36 187
36 151
38 113
38 165
41 188
42 1
45 44
45 125
46 1
47 117
47 149
49 176
49 131
49 34
51 113
51 140
52 42
53 159
54 55
55 30
55 135
57 143
59 177
60 68
60 163
61 114
61 76
64 42
65 162
66 50
66 133
66 198
68 57
68 89
68 87
68 195
69 95
69 92
70 88
71 10
73 178
73 48
74 185
74 169
76 31
76 1
80 103
80 120
81 20
81 116
82 45
83 72
84 171
87 85
87 31
89 135
89 24
91 28
94 26
94 162
94 69
95 106
95 133
96 45
98 123
101 98
103 47
105 75
106 76
107 148
107 46
108 84
109 0
110 30
110 97
110 74
111 199
114 123
115 121
115 184
116 111
116 156
116 126
117 66
117 181
118 149
118 162
119 150
120 181
124 22
124 97
125 60
127 87
128 45
129 7
129 172
131 184
132 15
132 51
135 84
136 78
136 182
137 21
137 87
139 158
141 199
141 186
142 58
142 175
143 156
144 109
145 93
145 23
145 29
145 15
146 168
146 4
147 72
148 159
150 119
150 154
152 178
154 133
156 191
156 14
157 159
158 40
158 195
159 32
160 38
164 114
164 83
165 143
166 76
167 83
169 188
169 166
170 124
170 46
173 161
175 96
177 78
178 91
179 190
179 164
182 31
182 7
182 141
184 28
188 145
188 9
191 110
191 102
192 72
193 101
193 115
194 42
194 169
196 21
197 11
198 90
199 131
199 74











